repeat: 1max_test_acc: 0.7351097178683386, max_test_f1: 0.6895138684138754repeat: 2max_test_acc: 0.719435736677116, max_test_f1: 0.6650118544087276repeat: 3max_test_acc: 0.7523510971786834, max_test_f1: 0.7053664036746304repeat: 4max_test_acc: 0.7366771159874608, max_test_f1: 0.6913687739375813repeat: 5max_test_acc: 0.7366771159874608, max_test_f1: 0.6940365147690258repeat: 6max_test_acc: 0.7413793103448276, max_test_f1: 0.7010628415767668repeat: 7max_test_acc: 0.7304075235109718, max_test_f1: 0.6859134213776527repeat: 8max_test_acc: 0.7351097178683386, max_test_f1: 0.6961740945978434repeat: 9max_test_acc: 0.7335423197492164, max_test_f1: 0.6895523316286654repeat: 10max_test_acc: 0.7304075235109718, max_test_f1: 0.681862117826015repeat: 11max_test_acc: 0.7398119122257053, max_test_f1: 0.6921033219728819repeat: 12max_test_acc: 0.7304075235109718, max_test_f1: 0.6856093818512674repeat: 13max_test_acc: 0.731974921630094, max_test_f1: 0.6977372175319217repeat: 14max_test_acc: 0.7304075235109718, max_test_f1: 0.6770648698757924repeat: 15max_test_acc: 0.7460815047021944, max_test_f1: 0.7047893653259948repeat: 16max_test_acc: 0.7366771159874608, max_test_f1: 0.695935137158704repeat: 17max_test_acc: 0.7335423197492164, max_test_f1: 0.6874180080701819repeat: 18max_test_acc: 0.7507836990595611, max_test_f1: 0.6987408220102962repeat: 19max_test_acc: 0.7335423197492164, max_test_f1: 0.6785310585658254repeat: 20max_test_acc: 0.7225705329153606, max_test_f1: 0.6803479580968945
max_test_acc_avg: 0.7353448275862069
max_test_f1_avg: 0.6899069681335271