repeat: 1max_test_acc: 0.7398843930635838, max_test_f1: 0.7272114749048436repeat: 2max_test_acc: 0.7369942196531792, max_test_f1: 0.7250464366147261repeat: 3max_test_acc: 0.7427745664739884, max_test_f1: 0.7280104529295469repeat: 4max_test_acc: 0.7384393063583815, max_test_f1: 0.7217480886254877repeat: 5max_test_acc: 0.7384393063583815, max_test_f1: 0.7264292044057074repeat: 6max_test_acc: 0.7326589595375722, max_test_f1: 0.7165710399893986repeat: 7max_test_acc: 0.7341040462427746, max_test_f1: 0.7199271274458287repeat: 8max_test_acc: 0.7326589595375722, max_test_f1: 0.7201824427577724repeat: 9max_test_acc: 0.7427745664739884, max_test_f1: 0.7279315596956119repeat: 10max_test_acc: 0.7369942196531792, max_test_f1: 0.7208510154322961repeat: 11max_test_acc: 0.7369942196531792, max_test_f1: 0.719406024165576repeat: 12max_test_acc: 0.7326589595375722, max_test_f1: 0.7210021528924851repeat: 13max_test_acc: 0.7312138728323699, max_test_f1: 0.7170339438409523repeat: 14max_test_acc: 0.7312138728323699, max_test_f1: 0.7146538609093676repeat: 15max_test_acc: 0.7369942196531792, max_test_f1: 0.7261125569123262repeat: 16max_test_acc: 0.7369942196531792, max_test_f1: 0.7226237056374498repeat: 17max_test_acc: 0.7312138728323699, max_test_f1: 0.7131279098463598repeat: 18max_test_acc: 0.7398843930635838, max_test_f1: 0.721681576837788repeat: 19max_test_acc: 0.7398843930635838, max_test_f1: 0.7277088026531171repeat: 20max_test_acc: 0.7369942196531792, max_test_f1: 0.7228297086673612
####################################################################################################
max_test_acc_avg: 0.7364884393063582
max_test_f1_avg: 0.7220044542582